0.62
0.78
0.83
0.96
0.96
0.96
0.98
1.04
0.99
1.04
1.04
1.00
1.06
1.07
1.05
1.04
1.05
1.05
1.04
1.04
1.05
1.03
1.11
1.15
1.09
1.11
1.16
1.11
1.14
1.13
1.07
1.09
1.13
1.07
1.08
1.11
1.13
1.07
1.11
1.13
1.08
1.12
1.15
1.10
1.15
1.12
1.15
1.13
1.08
1.10
1.13
1.11
1.13
1.09
1.14
1.09
1.13
1.10
1.12
1.15
1.14
1.09
1.12
1.18
1.15
1.12
1.18
1.15
1.12
1.19
1.17
1.14
1.14
1.10
1.14
1.12
1.15
1.11
1.17
1.13
1.09
1.13
1.10
1.12
1.16
1.15
1.11
1.15
1.13
1.08
1.11
1.17
1.13
1.09
1.14
1.09
1.12
1.18
1.15
1.12
1.19
1.16
1.13
1.14
1.08
1.10
1.18
1.13
1.08
1.14
1.08
1.09
1.16
1.12
1.14
1.13
1.09
1.11
1.16
1.13
1.07
1.11
1.15
1.09
1.13
1.11
1.12
1.17
1.16
1.11
1.16
1.14
1.09
1.14
1.13
1.06
1.09
1.16
1.10
1.13
1.13
1.06
1.07
1.12
1.13
1.07
1.13
1.07
1.08
1.12
1.16
1.11
1.17
1.14
1.09
1.15
1.11
1.14
1.12
1.16
1.12
1.19
1.17
1.14
1.15
1.11
1.13
1.12
1.17
1.12
1.20
1.19
1.16
1.18
1.15
1.11
1.19
1.16
1.12
1.21
1.18
1.17
1.19
1.17
1.15
1.16
1.12
1.16
1.18
1.13
1.09
1.17
1.13
1.07
1.14
1.09
1.10
1.15
1.14
1.07
1.10
1.18
1.12
1.17
1.18
1.14
1.11
1.18
1.14
1.11
1.20
1.16
1.12
1.21
1.18
1.16
1.19
1.15
1.12
1.21
1.17
1.16
1.18
1.15
1.12
1.21
1.17
1.15
1.17
1.12
1.16
1.18
1.15
1.12
1.20
1.17
1.14
1.16
1.11
1.14
1.15
1.10
1.13
1.13
1.06
1.07
1.13
1.05
1.05
1.09
1.11
1.13
1.10
1.14
1.08
1.11
1.18
1.14
1.10
1.18
1.13
1.10
1.18
1.13
1.09
1.17
1.11
1.15
1.16
1.10
1.13
1.14
1.08
1.10
1.17
1.12
1.15
1.16
1.11
1.13
1.13
1.09
1.10
1.14
1.14
1.07
1.10
1.17
1.12
1.16
1.17
1.12
1.17
1.18
1.14
1.11
1.18
1.14
1.11
1.19
1.14
1.11
1.19
1.14
1.12
1.20
1.16
1.14
1.15
1.09
1.13
1.13
1.06
1.06
1.12
1.13
1.07
1.13
1.06
1.06
1.11
1.11
1.13
1.12
1.14
1.10
1.16
1.13
1.08
1.11
1.18
1.13
1.10
1.16
1.11
1.14
1.15
1.09
1.12
1.21
1.17
1.15
1.16
1.11
1.15
1.16
1.11
1.15
1.16
1.10
1.14
1.14
1.09
1.11
1.19
1.15
1.12
1.20
1.16
1.14
1.14
1.09
1.11
1.19
1.15
1.11
1.20
1.17
1.14
1.15
1.11
1.14
1.13
1.09
1.11
1.17
1.15
1.10
1.14
1.15
1.09
1.13
1.12
1.13
1.09
1.18
1.13
1.08
1.15
1.08
1.11
1.18
1.14
1.10
1.18
1.13
1.09
1.15
1.11
1.13
1.11
1.15
1.11
1.16
1.13
1.09
1.14
1.11
1.14
1.11
1.17
1.13
1.10
1.15
1.10
1.14
1.12
1.16
1.13
1.10
1.12
1.17
1.16
1.13
1.10
1.15
1.10
1.14
1.13
1.08
1.11
1.17
1.13
1.09
1.16
1.11
1.15
1.14
1.09
1.13
1.11
1.14
1.10
1.16
1.11
1.15
1.14
1.09
1.12
1.18
1.16
1.12
1.19
1.17
1.16
1.16
1.12
1.17
1.18
1.15
1.12
1.20
1.17
1.15
1.15
1.11
1.16
1.15
1.11
1.15
1.14
1.09
1.13
1.10
1.13
1.07
1.12
1.15
1.11
1.16
1.13
1.09
1.14
1.09
1.12
1.18
1.16
1.13
1.10
1.15
1.10
1.14
1.13
1.06
1.08
1.13
1.07
1.08
1.13
1.07
1.09
1.14
1.09
1.11
1.17
1.13
1.09
1.15
1.11
1.14
1.14
1.11
1.13
1.11
1.14
1.09
1.14
1.14
1.07
1.09
1.18
1.10
1.14
1.17
1.12
1.16
1.14
1.10
1.14
1.12
1.16
1.06
1.13
1.10
1.14
1.10
1.13
1.08
1.12
1.15
1.11
1.20
1.14
1.09
1.18
1.13
1.08
1.16
1.09
1.11
1.20
1.17
1.11
1.22
1.18
1.17
1.18
1.15
1.13
1.12
1.15
1.12
1.18
1.15
1.13
1.11
1.13
1.09
1.14
1.11
1.14
1.12
